13524 51324
798 987
123 321
10 10
5 5
999999999 999999999
0 0
10 10
9099999 9999990
 139294502 993214502
 173452117 775432111
 102155104 542151100
 104236672 704231662
 157482048 887412045
 187689259 987689152
 122934895 922931845
 128754034 827154034
 226988077 986282077
 300845476 830045476
 169848756 968841756
 272956348 972456328
 27954867 97654827
 224585223 824535222
 196888762 976888162
 306755908 986755300
 286277860 886277620
 118179107 918177101
 183606692 986606312
 102727996 972720916
 338536400 834536300
 575906967 975905667
 183177323 813177323
 144115363 644115331
 229735494 929735424
 126713865 826713615
 135466572 715466532
 109923857 989123057
 108421587 858421017
 119644154 915644114
 263885686 823885666
 27078004 87074002
 200009029 990002020
 304349675 904345673
 101839730 901813730
 15924058 98124055
 137566438 831566437
 17429777 91427777
 122400250 542200210
 239037548 933027548
 129060392 929060321
 370695574 970645573
 174742259 974712254
 208886844 808886424
 116793289 916793182
 114346739 914146733
 17965734 97561734
 193698193 993698131
 208297360 908227360
 134351747 734351741
 133343270 731343230
 137407053 771403053
 164921687 964721681
 126007349 921007346
 118298062 918128062
 12753239 92753213
 142015044 542014041
 105535534 555530134
 181355259 981355251
 242344656 642244653
 176048690 976018640
 16761682 86761621
 397609664 997604663
 124144397 924144371
 20426394 90426234
 155662982 955612682
 120785607 870715602
 145578093 945178053
 349039537 949037533
 374867874 874867473
 499967987 999967487
 177185755 877715155
 172373225 772353221
 102163946 902163146
 163307878 863307817
 171598404 971158404
 369689840 969684830
 114524629 911524624
 197557112 917557112
 229970287 929770282
 23734873 83734273
 269954340 969452340
 244558747 844554727
 191917667 991617617
 263033536 663033523
 364669874 964663874
 26438949 96432948
 114338255 814133255
 12106930 96102130
 140687092 940187062
: 306667869 976660863
