20
0 12 10 5 9 4 8 11 11 15 15 16 17 18 19 18 25 26 26 29 
12 0 22 15 7 8 12 15 15 13 13 14 15 16 17 16 23 24 24 27 
10 22 0 7 19 14 18 21 21 25 25 26 27 28 29 28 35 36 36 39 
5 15 7 0 12 7 11 14 14 18 18 19 20 21 22 21 28 29 29 32 
9 7 19 12 0 5 9 12 12 6 10 11 12 13 14 9 20 21 21 24 
4 8 14 7 5 0 4 7 7 11 11 12 13 14 15 14 21 22 22 25 
8 12 18 11 9 4 0 3 3 15 15 16 17 18 19 18 25 26 26 29 
11 15 21 14 12 7 3 0 6 18 18 19 20 21 22 21 28 29 29 32 
11 15 21 14 12 7 3 6 0 18 18 19 20 21 22 21 28 29 29 32 
15 13 25 18 6 11 15 18 18 0 4 5 6 7 8 3 14 15 15 18 
15 13 25 18 10 11 15 18 18 4 0 1 2 3 4 7 10 11 11 14 
16 14 26 19 11 12 16 19 19 5 1 0 1 2 3 8 9 10 10 13 
17 15 27 20 12 13 17 20 20 6 2 1 0 1 2 9 8 9 9 12 
18 16 28 21 13 14 18 21 21 7 3 2 1 0 1 10 7 8 10 11 
19 17 29 22 14 15 19 22 22 8 4 3 2 1 0 11 6 7 11 10 
18 16 28 21 9 14 18 21 21 3 7 8 9 10 11 0 17 18 18 21 
25 23 35 28 20 21 25 28 28 14 10 9 8 7 6 17 0 5 13 6 
26 24 36 29 21 22 26 29 29 15 11 10 9 8 7 18 5 0 8 3 
26 24 36 29 21 22 26 29 29 15 11 10 9 10 11 18 13 8 0 7 
29 27 39 32 24 25 29 32 32 18 14 13 12 11 10 21 6 3 7 0 
